,overall,asin,reviewText,unixReviewTime,vote,reviewLength,wordLength
8530899,5,B001OW5MLU,"Great Product, fast post.",1520553600,,25,5.5
