,overall,asin,reviewText,unixReviewTime,vote,reviewLength,wordLength
8344234,4,B001KQFAYO,The album is having an endless list of hit songs in Tamil movies. Thus this is the 26 th volume of the album.,1306281600,,109,3.782608695652174
