,overall,asin,reviewText,unixReviewTime,vote,reviewLength,wordLength
8656105,4,B00K5VCNEU,Good,1519862400,,4,4.0
8656106,5,B00K5VCNEU,Wholly enjoyable music.,1517011200,,23,7.0
8656107,5,B00K5VCNEU,Un@$%$%@^&Beleivable!! That is all I have to say!,1419033600,2,49,5.25
8656108,5,B00K5VCNEU,A dream come true!,1417737600,,18,3.75
8656109,5,B00K5VCNEU,"beautifully done video of the 3 concerts. Great artists, Great Music - put on the DVD and sit back and enjoy - perhaps they will make a part 2 sometime.",1405209600,2,152,4.1
